100, 53, 9947, 79, 9832, 189, 9658, 303, 9635, 421, 9366, 518, 9340, 598, 9280, 759, 9210, 818, 9022, 838, 8985, 930, 8876, 1034, 8806, 1143, 8359, 1151, 8341, 1200, 8108, 1370, 8070, 1505, 8024, 1522, 7932, 1541, 7549, 1652, 7450, 1848, 7445, 1919, 7333, 1934, 7093, 1939, 7078, 2065, 6782, 2211, 6781, 2423, 6707, 2454, 6698, 2536, 6581, 2639, 6285, 2702, 6273, 2748, 6008, 2964, 5858, 2972, 5754, 3151, 5527, 3235, 5437, 3430, 5369, 3436, 5272, 3460, 5236, 3695, 5234, 3993, 5162, 4097, 5155, 4126, 5121, 4358, 5086, 4383, 5073, 4403, 5062, 4504, 4955, 4541, 4941, 4694, 4830, 4720, 4816
100, 39, 9773, 88, 9771, 292, 9737, 300, 9646, 385, 9565, 594, 9320, 599, 9214, 605, 9171, 746, 9079, 838, 9030, 943, 8695, 999, 8685, 1005, 8602, 1103, 8478, 1173, 8369, 1194, 8362, 1351, 8305, 1533, 8290, 1574, 8180, 1604, 8168, 1782, 8025, 1859, 8016, 1916, 7983, 1937, 7944, 2086, 7923, 2168, 7838, 2216, 7825, 2284, 7749, 2664, 7154, 2992, 7042, 3002, 6788, 3084, 6786, 3164, 6646, 3210, 6443, 3267, 6379, 3295, 6363, 3327, 6305, 3357, 6288, 3437, 6250, 3679, 6092, 3724, 6027, 3737, 5918, 3902, 5795, 3913, 5758, 3934, 5659, 3946, 5506, 4163, 5402, 4546, 5315, 4664, 4903, 4809, 4822
100, 19, 9881, 206, 9813, 248, 9599, 355, 9366, 405, 9299, 532, 9291, 671, 9279, 895, 9080, 911, 8993, 930, 8976, 1009, 8970, 1009, 8913, 1025, 8832, 1046, 8710, 1073, 8627, 1114, 8481, 1227, 8438, 1301, 8409, 1627, 8361, 1656, 8331, 1679, 8246, 1738, 8238, 1817, 8210, 1862, 8200, 1925, 8051, 2415, 7960, 2475, 7955, 2553, 7884, 2626, 7598, 2982, 7550, 3136, 7457, 3373, 7449, 3604, 7440, 3630, 7335, 3934, 7279, 3963, 7151, 4169, 6977, 4260, 6798, 4301, 6726, 4385, 6578, 4411, 6381, 4517, 6359, 4631, 6277, 4965, 6148, 4992, 5971, 5012, 5950, 5021, 5906, 5317, 5822, 5403, 5813, 5583, 5702
100, 41, 9894, 210, 9631, 233, 9541, 248, 9183, 479, 8965, 633, 8896, 786, 8819, 788, 8804, 959, 8801, 1325, 8783, 1606, 8494, 1721, 8486, 1737, 8434, 1775, 8254, 1878, 8164, 1986, 8147, 2056, 8032, 2213, 7923, 2224, 7827, 2307, 7825, 2407, 7748, 2477, 7682, 2778, 7562, 2781, 7423, 2974, 7412, 3013, 7371, 3260, 7188, 3385, 7101, 3450, 7011, 3546, 6893, 3674, 6835, 3713, 6757, 3823, 6628, 3934, 6531, 3967, 6494, 4067, 6433, 4105, 6269, 4113, 6133, 4233, 6120, 4264, 5907, 4490, 5875, 4500, 5858, 4513, 5808, 4574, 5797, 4772, 5700, 4995, 5687, 5037, 5654, 5099, 5627, 5118, 5512, 5163, 5292
100, 192, 9898, 225, 9857, 282, 9817, 286, 9796, 307, 9532, 389, 9403, 396, 9214, 409, 9110, 485, 8955, 624, 8657, 627, 8585, 638, 8502, 650, 8497, 650, 8443, 703, 8383, 787, 8375, 848, 8332, 994, 8121, 1045, 8008, 1046, 7625, 1053, 7510, 1264, 7264, 1386, 7191, 1409, 7165, 1425, 7109, 1435, 7015, 1520, 6565, 1575, 6521, 1581, 6316, 1794, 6066, 1815, 5844, 1823, 5765, 1875, 5512, 1900, 5275, 1900, 5209, 2122, 4980, 2211, 4806, 2250, 4783, 2251, 4769, 2395, 4469, 2557, 4457, 2638, 4432, 2654, 4272, 2920, 4249, 2958, 4105, 2963, 4076, 2996, 4020, 3062, 3853, 3089, 3829, 3368, 3623
100, 24, 9682, 66, 9681, 97, 9506, 151, 9103, 238, 9037, 247, 8966, 458, 8892, 470, 8834, 478, 8803, 558, 8762, 771, 8726, 845, 8538, 846, 8441, 929, 8315, 1300, 7979, 1522, 7958, 1601, 7873, 1608, 7539, 1635, 7530, 1735, 7490, 1909, 7353, 1981, 7338, 2024, 7184, 2046, 7160, 2098, 7107, 2189, 7004, 2275, 6999, 2279, 6969, 2315, 6861, 2444, 6860, 2467, 6558, 2559, 6446, 2570, 6390, 2607, 6350, 2635, 6253, 2704, 6246, 2792, 6226, 2798, 6078, 3079, 5992, 3120, 5700, 3152, 5316, 3189, 4999, 3218, 4970, 3300, 4950, 3345, 4842, 3609, 4778, 3658, 4685, 3769, 4389, 3817, 3967, 3895, 3940
100, 45, 9869, 120, 9827, 150, 9580, 193, 9551, 268, 9356, 366, 9227, 417, 9093, 569, 9036, 644, 8991, 998, 8940, 1198, 8878, 1270, 8853, 1293, 8733, 1373, 8452, 1476, 8291, 1489, 8225, 1545, 8135, 1578, 8117, 1583, 8098, 1620, 8061, 1882, 8023, 1894, 8010, 1902, 7872, 1992, 7857, 2003, 7775, 2009, 7716, 2199, 7516, 2435, 7185, 2608, 7079, 2630, 7052, 3029, 7030, 3118, 6936, 3193, 6858, 3251, 6778, 3321, 6582, 3695, 6429, 3806, 6335, 3827, 6270, 4003, 6264, 4009, 6234, 4173, 6082, 4231, 6060, 4260, 6043, 4501, 6022, 4591, 5811, 4812, 5795, 4895, 5704, 4898, 5655, 4930, 5267, 4994, 5086
100, 105, 9973, 167, 9878, 221, 9338, 279, 9218, 441, 9206, 462, 9185, 583, 9164, 613, 9109, 618, 8892, 756, 8882, 804, 8872, 865, 8808, 944, 8792, 1118, 8775, 1169, 8628, 1197, 8429, 1307, 8395, 1486, 8324, 1562, 8142, 1639, 8134, 1689, 7728, 1817, 7589, 1819, 7551, 1923, 7511, 2097, 7493, 2110, 7466, 2247, 7354, 2307, 7313, 2434, 7234, 2501, 7219, 2556, 7041, 2625, 6884, 2635, 6796, 2793, 6688, 2928, 6640, 2939, 6532, 3159, 6235, 3439, 6212, 3450, 6109, 3543, 5997, 3553, 5983, 3626, 5961, 3737, 5793, 3749, 5761, 4132, 5438, 4153, 5403, 4330, 4999, 4400, 4981, 4567, 4950, 4882, 4911
100, 251, 9811, 256, 9743, 421, 9678, 425, 9379, 436, 9344, 501, 9277, 514, 9262, 696, 9259, 1026, 9201, 1086, 9119, 1132, 9047, 1160, 8948, 1162, 8905, 1170, 8893, 1196, 8855, 1406, 8713, 1494, 8704, 1502, 8653, 1671, 8509, 1762, 8392, 1781, 8334, 1801, 8222, 1836, 8085, 2020, 8023, 2072, 7861, 2092, 7667, 2191, 7435, 2191, 7420, 2261, 7102, 2426, 7064, 2475, 7003, 2550, 6818, 2572, 6742, 2574, 6603, 2716, 6336, 2961, 6231, 2978, 6004, 3140, 5768, 3224, 5660, 3349, 5654, 3368, 5580, 3499, 5562, 3561, 5546, 3756, 5482, 3905, 5345, 4142, 5288, 4167, 5077, 4199, 4907, 4296, 4740, 4560, 4737
100, 190, 9991, 247, 9968, 459, 9957, 522, 9947, 581, 9763, 641, 9703, 671, 9592, 728, 9265, 741, 9232, 980, 9083, 986, 8891, 1092, 8769, 1212, 8714, 1214, 8638, 1351, 8494, 1701, 8409, 1789, 8361, 1825, 8229, 1977, 8195, 2019, 7959, 2049, 7918, 2186, 7859, 2186, 7833, 2224, 7713, 2288, 7605, 2319, 7521, 2589, 7395, 2705, 7283, 2714, 7278, 2954, 7227, 3039, 7152, 3123, 7116, 3294, 7030, 3535, 6778, 3549, 6766, 3570, 6753, 3606, 6538, 3622, 6455, 3920, 6261, 4112, 6226, 4201, 6213, 4227, 6213, 4233, 6210, 4436, 6101, 4632, 5973, 4637, 5926, 4725, 5779, 4816, 5226, 4880, 5201, 4999, 5027
